113.201556 22.901548
113.223269 22.897435
113.23201 22.900263
113.262464 22.90052
113.280793 22.892807
113.296584 22.879694
113.302224 22.862982
113.304198 22.856555
113.305326 22.839328
113.310965 22.831615
113.324783 22.828787
113.350725 22.799991
113.357211 22.781479
113.358339 22.778394
113.354955 22.772738
113.353827 22.765796
113.342266 22.75294
113.300814 22.74317
113.265848 22.743942
113.257389 22.79922
113.207478 22.885093
113.206068 22.900777
113.208606 22.900777
113.212835 22.898977
113.201556 22.901548



120.183808 30.179606
120.192391 30.179302
120.192219 30.181668
120.192073 30.183925
120.18391 30.183874
120.183808 30.179606

















-0.0045
0.0025

